Model Accuracy: 0.41
Classification Report:
                    precision    recall  f1-score   support

              17.0       0.00      0.00      0.00         0
 18.33333333333333       0.00      0.00      0.00         1
 18.70256399853949       0.00      0.00      0.00         1
22.494646044021408       0.00      0.00      0.00         1
23.174841932900662       0.00      0.00      0.00         0
 23.80952380952381       0.00      0.00      0.00         1
              24.0       0.00      0.00      0.00         0
  24.1623938831731       0.00      0.00      0.00         1
25.043224452315343       0.00      0.00      0.00         1
 25.23191629593013       0.00      0.00      0.00         1
26.094562837152168       0.00      0.00      0.00         0
 26.38095238095238       0.00      0.00      0.00         2
26.393004115226336       0.00      0.00      0.00         0
 26.93825943622128       0.00      0.00      0.00         2
27.010503369005143       1.00      1.00      1.00         1
27.055753332542224       0.00      0.00      0.00         1
 28.06462585034013       0.00      0.00      0.00         0
28.263094455402143       0.00      0.00      0.00         0
 29.04061751163636       0.00      0.00      0.00         0
 29.17875447472997       0.00      0.00      0.00         1
 29.39145574995753       0.00      0.00      0.00         1
 29.51763058164441       0.00      0.00      0.00         1
29.593750000000004       0.00      0.00      0.00         0
29.637503186878547       0.00      0.00      0.00         1
29.733630092110843       0.00      0.00      0.00         1
29.750030427197856       0.00      0.00      0.00         1
  30.1985001530456       0.00      0.00      0.00         1
 30.42634299855688       0.00      0.00      0.00         1
 30.71206116953717       0.00      0.00      0.00         0
30.829060549839767       0.00      0.00      0.00         1
30.876844848587847       0.00      0.00      0.00         0
 31.80884855143788       0.00      0.00      0.00         1
31.898582962596794       0.00      0.00      0.00         1
 32.05144032921811       0.00      0.00      0.00         1
 32.13894964561894       0.00      0.00      0.00         0
 32.15664904903361       0.00      0.00      0.00         1
  32.1771048966841       0.00      0.00      0.00         1
32.392479213907784       0.00      0.00      0.00         1
 32.76122950381883       0.00      0.00      0.00         0
32.784242822704364       0.00      0.00      0.00         0
 33.14417531718569       0.00      0.00      0.00         1
33.210012930792146       0.00      0.00      0.00         1
 33.31084198385236       0.00      0.00      0.00         1
33.333333333333336       0.50      0.50      0.50         2
33.521149505374474       0.00      0.00      0.00         1
33.666666666666664       0.00      0.00      0.00         3
 33.72241999920889       0.00      0.00      0.00         1
 33.98205433273844       0.00      0.00      0.00         1
              34.0       0.00      0.00      0.00         0
 34.15336051186229       0.00      0.00      0.00         1
 34.24743104380746       0.00      0.00      0.00         0
 34.40080738177623       0.00      0.00      0.00         1
 34.53760142998599       0.00      0.00      0.00         1
34.666666666666664       1.00      1.00      1.00         1
 34.87669094693028       0.00      0.00      0.00         1
 34.96418732782369       0.00      0.00      0.00         1
              35.0       0.33      1.00      0.50         1
 35.14890400604685       0.00      0.00      0.00         1
35.166666666666664       0.00      0.00      0.00         1
35.405951598259286       0.00      0.00      0.00         2
 35.65699404761906       0.00      0.00      0.00         1
35.666666666666664       0.50      1.00      0.67         1
 35.69616370338877       0.00      0.00      0.00         2
 35.80196523053665       0.00      0.00      0.00         1
35.926078971533514       1.00      1.00      1.00         1
  35.9647982157135       0.00      0.00      0.00         1
              36.0       1.00      1.00      1.00         2
 36.25300708518701       0.00      0.00      0.00         1
36.333333333333336       1.00      1.00      1.00         1
 36.40029675877751       0.00      0.00      0.00         1
 36.40327380952382       0.00      0.00      0.00         1
 36.58631772268135       1.00      1.00      1.00         1
36.593766632228174       0.00      0.00      0.00         1
36.865166819712265       0.00      0.00      0.00         1
 37.02533584202383       0.00      0.00      0.00         1
 37.02539242843952       0.00      0.00      0.00         1
 37.16858441394484       0.00      0.00      0.00         1
  37.5319438087327       0.00      0.00      0.00         1
37.806863791088766       0.00      0.00      0.00         1
 37.82993197278911       0.00      0.00      0.00         1
  37.8560114128296       0.00      0.00      0.00         0
              38.0       0.33      1.00      0.50         1
  38.1209653663258       0.00      0.00      0.00         1
 38.18291761148903       0.00      0.00      0.00         1
 38.30703135248589       0.25      1.00      0.40         1
 38.38095238095238       0.50      1.00      0.67         1
38.535861258083486       0.00      0.00      0.00         2
 38.78124913972989       0.00      0.00      0.00         0
 38.84132076016592       0.00      0.00      0.00         1
 39.04761904761904       0.00      0.00      0.00         3
39.095238095238095       0.67      1.00      0.80         2
 39.13529856386999       0.00      0.00      0.00         2
 39.28180678847608       0.00      0.00      0.00         1
39.406344809391896       0.00      0.00      0.00         1
 39.55223648055296       0.00      0.00      0.00         1
 39.55952380952382       0.00      0.00      0.00         1
39.795120517342745       0.00      0.00      0.00         1
 39.90408664667598       0.00      0.00      0.00         1
  39.9270999655615       0.00      0.00      0.00         0
 40.18229166666667       0.00      0.00      0.00         1
40.187816172041146       0.00      0.00      0.00         1
40.333333333333336       0.00      0.00      0.00         1
 40.38095238095238       0.29      1.00      0.44         2
 40.42634688382288       0.00      0.00      0.00         1
 40.47619047619048       0.44      1.00      0.62         4
 40.51562500000001       0.00      0.00      0.00         1
 40.66666666666666       0.50      1.00      0.67         2
 40.80952380952381       0.40      1.00      0.57         2
 40.91409771047413       0.00      0.00      0.00         1
              41.0       0.67      1.00      0.80         2
41.142857142857146       1.00      1.00      1.00         1
41.333333333333336       0.17      1.00      0.29         1
 41.34822248458611       0.00      0.00      0.00         2
 41.42298799685163       0.00      0.00      0.00         1
41.474194636532296       0.00      0.00      0.00         1
 41.50207819688081       0.00      0.00      0.00         1
 41.51625094482237       0.00      0.00      0.00         0
 41.66666666666666       0.00      0.00      0.00         0
42.333333333333336       0.75      1.00      0.86         3
 42.62770562770562       0.00      0.00      0.00         0
42.653295372874574       0.00      0.00      0.00         1
 42.66666666666666       0.00      0.00      0.00         0
 42.73967814272523       0.00      0.00      0.00         1
 42.80952380952382       0.67      1.00      0.80         2
 42.88287012823056       0.00      0.00      0.00         1
 42.89657738095239       0.00      0.00      0.00         1
 43.04761904761904       0.67      0.67      0.67         3
43.142857142857146       1.00      1.00      1.00         2
 43.21001293079215       0.00      0.00      0.00         1
 43.22071050642478       0.00      0.00      0.00         1
43.333333333333336       0.00      0.00      0.00         1
 43.38095238095238       0.00      0.00      0.00         0
 43.54315390163466       0.00      0.00      0.00         1
 43.71428571428572       0.50      1.00      0.67         2
 43.80952380952382       0.50      1.00      0.67         2
 43.97923100544304       0.00      0.00      0.00         2
44.123420350693074       0.00      0.00      0.00         0
44.241858520267606       0.00      0.00      0.00         2
 44.27953534354918       1.00      1.00      1.00         1
 44.33376203667061       0.00      0.00      0.00         1
 44.47619047619048       0.50      1.00      0.67         1
 44.72362151999793       0.00      0.00      0.00         0
  44.9913262091226       0.00      0.00      0.00         1
 45.00933580571222       0.00      0.00      0.00         1
  45.0294970367221       0.00      0.00      0.00         1
 45.04761904761904       0.75      1.00      0.86         6
 45.14218188477122       0.00      0.00      0.00         0
 45.14890400604685       0.00      0.00      0.00         0
45.263822509182944       0.00      0.00      0.00         2
45.277529761904766       0.00      0.00      0.00         1
 45.38043351632498       0.00      0.00      0.00         1
 45.47619047619048       0.50      0.50      0.50         2
 45.69527412003606       1.00      1.00      1.00         1
 45.76190476190476       0.17      1.00      0.29         1
 45.77681660899653       0.00      0.00      0.00         0
 45.82797937735474       0.00      0.00      0.00         1
 45.92410628258704       0.00      0.00      0.00         1
46.095238095238095       0.50      1.00      0.67         2
46.253007085187015       0.00      0.00      0.00         1
   46.402269447724       1.00      1.00      1.00         1
 46.47619047619048       0.00      0.00      0.00         0
   46.508175266234       0.00      0.00      0.00         1
   46.892887570055       0.00      0.00      0.00         1
 46.91855381093837       1.00      1.00      1.00         1
  46.9536991267095       0.00      0.00      0.00         1
 46.98436574242447       0.00      0.00      0.00         1
 47.12718762718763       0.00      0.00      0.00         1
47.142857142857146       0.00      0.00      0.00         0
 47.32514880952382       0.00      0.00      0.00         1
 47.36507936507936       0.00      0.00      0.00         0
 47.37227859007498       0.00      0.00      0.00         1
 47.49572721650643       0.00      0.00      0.00         1
 47.50158290462999       0.00      0.00      0.00         1
 47.53779736140758       0.00      0.00      0.00         1
 47.54351151525452       0.00      0.00      0.00         0
47.658482142857146       0.00      0.00      0.00         1
 47.76190476190476       0.00      0.00      0.00         0
 47.80952380952382       0.57      1.00      0.73         4
 47.82993197278911       0.00      0.00      0.00         1
48.142857142857146       0.50      1.00      0.67         4
 48.15776898994891       0.00      0.00      0.00         0
 48.19047619047618       1.00      1.00      1.00         1
 48.47619047619048       0.44      0.80      0.57         5
 48.58295540438397       0.00      0.00      0.00         1
 48.80952380952382       1.00      1.00      1.00         1
 48.93745080676899       0.00      0.00      0.00         1
 48.99032738095239       0.00      0.00      0.00         1
49.142857142857146       0.00      0.00      0.00         0
49.427896170485496       0.00      0.00      0.00         0
 49.47619047619048       0.60      1.00      0.75         3
49.571857274765854       0.00      0.00      0.00         1
 49.80952380952382       1.00      1.00      1.00         2
 49.87667959745881       0.00      0.00      0.00         1
50.142857142857146       0.00      0.00      0.00         0
 50.19047619047618       0.33      1.00      0.50         1
 50.30952380952382       0.00      0.00      0.00         1
 50.47619047619048       0.75      0.60      0.67         5
  50.5898841392595       0.00      0.00      0.00         1
 50.74778324574509       0.00      0.00      0.00         1
 50.86527714206604       0.00      0.00      0.00         0
 51.52380952380952       0.00      0.00      0.00         0
  51.8292258009688       0.00      0.00      0.00         0
 51.85491442712831       0.00      0.00      0.00         1
 51.87414965986394       0.00      0.00      0.00         0
 52.15151515151515       0.00      0.00      0.00         1
 52.62770562770563       0.00      0.00      0.00         1
 52.89657738095239       0.00      0.00      0.00         1
 52.91967375185368       0.00      0.00      0.00         1
52.927083333333336       0.00      0.00      0.00         1
 53.10765535857064       0.00      0.00      0.00         1
 53.27604166666668       0.00      0.00      0.00         1
53.543153901634646       0.00      0.00      0.00         0
 53.71428571428572       0.25      1.00      0.40         1
 53.72917486553849       1.00      1.00      1.00         1
 53.73809523809524       0.00      0.00      0.00         1
 53.76566804407713       0.00      0.00      0.00         0
 53.97923100544304       1.00      1.00      1.00         1
  54.0453945028705       0.00      0.00      0.00         1
 54.06994047619048       0.00      0.00      0.00         2
 54.12069533695831       0.00      0.00      0.00         1
54.241858520267606       0.00      0.00      0.00         0
  54.4380696085126       0.00      0.00      0.00         1
54.496598639455776       1.00      1.00      1.00         1
 54.55330656053163       0.00      0.00      0.00         1
 54.78763203299246       0.00      0.00      0.00         1
 55.07307628933926       0.00      0.00      0.00         3
 55.18825164572764       0.00      0.00      0.00         1
 55.20252792475015       0.00      0.00      0.00         1
 55.44791580639656       0.00      0.00      0.00         0
 55.47228297895227       0.00      0.00      0.00         1
55.507987426832585       0.00      0.00      0.00         1
 55.65699404761906       0.00      0.00      0.00         1
 55.79858674216097       0.00      0.00      0.00         1
 56.21890314721961       0.00      0.00      0.00         1
56.238523941432526       0.00      0.00      0.00         1
  56.4620689600308       0.00      0.00      0.00         1
 56.47750865051902       0.00      0.00      0.00         1
 56.57075331334264       0.00      0.00      0.00         0
56.593766632228174       0.00      0.00      0.00         0
              57.0       0.00      0.00      0.00         2
 57.02539242843952       0.00      0.00      0.00         1
 57.18229166666666       0.00      0.00      0.00         1
 57.32514880952382       0.00      0.00      0.00         1
57.333333333333336       1.00      0.67      0.80         3
 57.37227859007498       0.00      0.00      0.00         1
  57.3902881866646       1.00      1.00      1.00         1
  57.4567536840264       0.00      0.00      0.00         0
 57.47619047619048       0.00      0.00      0.00         0
 57.50158290462999       0.00      0.00      0.00         1
 57.58843537414966       0.00      0.00      0.00         0
  57.8095238095238       0.29      0.67      0.40         3
              58.0       0.25      1.00      0.40         1
 58.08385773770389       0.00      0.00      0.00         0
58.089654663518296       0.00      0.00      0.00         0
 58.14285714285714       0.60      1.00      0.75         6
 58.18291761148904       0.00      0.00      0.00         0
 58.47619047619048       0.50      1.00      0.67         1
  58.5408163265306       1.00      1.00      1.00         1
 58.66666666666666       0.50      1.00      0.67         1
 58.72378389422689       0.00      0.00      0.00         1
  58.8095238095238       1.00      0.33      0.50         3
 59.03623869008485       0.00      0.00      0.00         2
 59.47619047619048       0.50      1.00      0.67         2
 59.62925170068027       1.00      1.00      1.00         1
 59.66666666666666       0.50      1.00      0.67         1
 59.71428571428572       1.00      0.33      0.50         3
  59.7743220252373       1.00      1.00      1.00         1
 60.20982056830132       0.00      0.00      0.00         0
 60.38095238095238       0.60      1.00      0.75         3
60.823317438543775       0.00      0.00      0.00         1
 60.90852518693427       0.00      0.00      0.00         0
 61.52380952380952       0.50      1.00      0.67         1
 61.61638760061257       0.00      0.00      0.00         1
 61.64036468581923       1.00      1.00      1.00         1
 61.71428571428572       1.00      1.00      1.00         1
 61.76190476190476       0.75      0.75      0.75         4
  61.9304891758496       0.00      0.00      0.00         3
 62.04761904761904       1.00      1.00      1.00         1
62.176354674316514       0.00      0.00      0.00         1
 62.38095238095238       1.00      1.00      1.00         1
 63.14285714285714       0.00      0.00      0.00         1
 63.17103939831211       0.00      0.00      0.00         0
 63.25359746923343       1.00      1.00      1.00         1
 63.30272108843537       0.00      0.00      0.00         1
 63.38138108428967       0.00      0.00      0.00         1
 63.79814345198961       0.00      0.00      0.00         1
 63.92461690558576       0.00      0.00      0.00         0
 64.12342035069307       0.00      0.00      0.00         0
 64.16824957129666       0.00      0.00      0.00         1
 64.32514880952381       0.00      0.00      0.00         0
  64.4005004707398       0.00      0.00      0.00         1
 64.47619047619047       0.00      0.00      0.00         4
 64.52380952380952       0.00      0.00      0.00         3
 64.72362151999793       1.00      1.00      1.00         1
 64.87699785796671       0.00      0.00      0.00         0
 65.14285714285714       0.50      1.00      0.67         5
 65.47619047619047       0.75      1.00      0.86         3
 65.64285714285714       0.00      0.00      0.00         1
 65.80952380952381       1.00      1.00      1.00         4
 66.14285714285714       0.00      0.00      0.00         0
 66.40226944772398       1.00      0.50      0.67         4
 66.47619047619047       0.33      1.00      0.50         1
 67.14285714285714       0.67      0.80      0.73         5
 67.52380952380952       0.50      1.00      0.67         1
 68.19047619047619       1.00      1.00      1.00         2
 70.11478618502552       0.00      0.00      0.00         0
 70.14233827822973       0.00      0.00      0.00         0
 70.23809523809524       0.33      0.50      0.40         2

          accuracy                           0.41       349
         macro avg       0.18      0.24      0.20       349
      weighted avg       0.31      0.41      0.34       349
